
ORB-SLAM2 Copyright (C) 2014-2016 Raul Mur-Artal, University of Zaragoza.
This program comes with ABSOLUTELY NO WARRANTY;
This is free software, and you are welcome to redistribute it
under certain conditions. See LICENSE.txt.

Input sensor was set to: Monocular

Loading ORB Vocabulary. This could take a while...
Vocabulary loaded!


Camera Parameters: 
- fx: 707.091
- fy: 707.091
- cx: 601.887
- cy: 183.11
- k1: 0
- k2: 0
- p1: 0
- p2: 0
- fps: 10
- color order: RGB (ignored if grayscale)

ORB Extractor Parameters: 
- Number of Features: 2000
- Scale Levels: 8
- Scale Factor: 1.2
- Initial Fast Threshold: 20
- Minimum Fast Threshold: 7

-------
Start processing sequence ...
Images in the sequence: 1101

New Map created with 115 points
TRANSLATION SCALE IS 1.00019
INTIALIZING AT SCALE 1.19941
ORB R: 
[0.99999768, -0.00051967736, -0.00210506;
 0.00051840581, 0.99999964, -0.00060454838;
 0.0021053737, 0.00060345558, 0.99999756]
ORB t: 
[0.032717165;
 0.018708237;
 -1.2019989]
ransac compared:50 points: 39
Sparse scale: 1.24767
running average of 1 with scale of 1.24767org:1.24767
Good dense scale at 1.21108
frame: 2 gt: 1.18559 scale: 1.21108
======================
ORB R: 
[0.99999964, 0.00079998199, 0.00031263399;
 -0.00079995941, 0.99999964, -7.2675321e-05;
 -0.00031269202, 7.2425202e-05, 0.99999994]
ORB t: 
[-0.01386523;
 0.014339924;
 -1.1824963]
ransac compared:63 points: 31
Sparse scale: 1.10577
running average of 2 with scale of 1.1483org:1.10577
Good dense scale at 1.13514
frame: 3 gt: 1.19186 scale: 1.13514
======================
ORB R: 
[0.99999976, 0.00020869539, 0.00058244204;
 -0.00020868937, 0.99999988, -1.0496231e-05;
 -0.00058244431, 1.0374686e-05, 0.99999976]
ORB t: 
[-0.013022274;
 0.019890524;
 -1.1840043]
ransac compared:13 points: 36
Sparse scale: 1.40131
running average of 3 with scale of 1.24293org:1.40131
Good dense scale at 1.23066
frame: 4 gt: 1.19207 scale: 1.23066
======================
ORB R: 
[0.99999988, 0.00040424711, 0.00022628694;
 -0.00040417278, 0.99999994, -0.00032846196;
 -0.00022641971, 0.00032837043, 0.99999994]
ORB t: 
[-0.0069191977;
 0.021243297;
 -1.1861024]
ransac compared:136 points: 43
Sparse scale: 0.965862
running average of 4 with scale of 1.13262org:0.965862
Good dense scale at 1.13029
frame: 5 gt: 1.1954 scale: 1.13029
======================
ORB R: 
[0.99999982, 0.00037827078, -0.00053893006;
 -0.00037769412, 0.99999934, 0.0010695707;
 0.00053933437, -0.0010693667, 0.99999928]
ORB t: 
[0.0047612796;
 0.021034494;
 -1.1785984]
ransac compared:92 points: 38
Sparse scale: 1.2612
running average of 5 with scale of 1.18525org:1.2612
Good dense scale at 1.17688
average scale over 5frame: 1.17681
frame: 6 gt: 1.1909 scale: 1.17681
======================
ORB R: 
[0.99999994, 0.00035315397, -4.7381036e-06;
 -0.00035315179, 0.99999976, 0.00045220321;
 4.8980583e-06, -0.00045220135, 0.99999994]
ORB t: 
[0.010115346;
 0.021720991;
 -1.1678457]
ransac compared:72 points: 17
Sparse scale: 1.3473
running average of 6 with scale of 1.18887org:1.3473
Good dense scale at 1.20848
frame: 7 gt: 1.19304 scale: 1.20848
======================
ORB R: 
[0.9999966, 0.0020449609, 0.0016505888;
 -0.0020416132, 0.99999583, -0.0020273249;
 -0.0016547281, 0.0020239481, 0.9999966]
ORB t: 
[-0.026986931;
 0.026087448;
 -1.1907578]
RANSAC retry: Reducing points from 30 to 26
ransac compared:7 points: 26
Sparse scale: 0.813966
running average of 6 with scale of 1.12503org:0.813966
Good dense scale at 1.16294
average scale over 5frame: 1.18185
frame: 8 gt: 1.19177 scale: 1.18185
======================
ORB R: 
[0.99999821, 0.00019577394, 0.0018341447;
 -0.0001930802, 0.99999887, -0.0014691143;
 -0.00183443, 0.0014687576, 0.99999726]
ORB t: 
[-0.0054681301;
 0.036524624;
 -1.1674414]
ransac compared:28 points: 39
Sparse scale: 1.25208
running average of 6 with scale of 1.18217org:1.25208
Good dense scale at 1.20379
frame: 9 gt: 1.19197 scale: 1.20379
======================
ORB R: 
[0.99999434, 0.0021025077, 0.0025899115;
 -0.0021051089, 0.99999714, 0.001001787;
 -0.0025877985, -0.0010072336, 0.99999619]
ORB t: 
[0.015526624;
 0.0080544055;
 -1.2158613]
ransac compared:5 points: 35
Sparse scale: 1.40824
running average of 6 with scale of 1.24642org:1.40824
Good dense scale at 1.23588
average scale over 5frame: 1.19759
frame: 10 gt: 1.19192 scale: 1.19759
======================
ORB R: 
[0.99999738, -0.00018782618, 0.0022535482;
 0.0001877723, 0.99999988, 2.4095643e-05;
 -0.0022535524, -2.367259e-05, 0.9999975]
ORB t: 
[0.010186229;
 0.03048262;
 -1.1729956]
ransac compared:1 points: 39
Sparse scale: 1.1026
running average of 6 with scale of 1.1722org:1.1026
Good dense scale at 1.17591
frame: 11 gt: 1.19249 scale: 1.17591
======================
ORB R: 
[0.99999857, -0.0003143978, 0.0016909663;
 0.00031445423, 1, -3.3117947e-05;
 -0.0016909553, 3.3649849e-05, 0.99999857]
ORB t: 
[-9.2469156e-05;
 0.026507586;
 -1.2171984]
ransac compared:29 points: 41
Sparse scale: 1.12311
running average of 6 with scale of 1.21385org:1.12311
Good dense scale at 1.20441
average scale over 5frame: 1.19659
frame: 12 gt: 1.19198 scale: 1.19659
======================
ORB R: 
[0.9999994, -0.00053310266, 0.00091078063;
 0.00053367519, 0.99999964, -0.00062804669;
 -0.00091044512, 0.00062853238, 0.9999994]
ORB t: 
[0.024578866;
 0.04002884;
 -1.174859]
RANSAC retry: Reducing points from 32 to 32
ransac compared:0 points: 32
Unsuccessful sparse estimation
frame: 13 gt: 1.19356 scale: -
============================
ORB R: 
[0.9999997, 0.00032198071, 0.00076460256;
 -0.00032188074, 0.99999994, -0.00013107061;
 -0.00076464517, 0.00013082422, 0.9999997]
ORB t: 
[0.0065990761;
 0.020540297;
 -1.1905909]
ransac compared:100 points: 31
Sparse scale: 1.31751
running average of 5 with scale of 1.22507org:1.31751
Good dense scale at 1.22133
average scale over 4frame: 1.20938
frame: 14 gt: 1.19137 scale: 1.20938
======================
ORB R: 
[0.99999911, 0.0011180073, 0.00074894307;
 -0.0011175317, 0.99999923, -0.00063542771;
 -0.00074965181, 0.00063459034, 0.99999946]
ORB t: 
[0.0064203888;
 0.023273617;
 -1.1846256]
ransac compared:111 points: 28
Sparse scale: 10.9111
Bad sparse output: (angle)171.44 (scale): 10.9111
frame: 15 gt: 1.19383 scale: -
============================
ORB R: 
[0.99999905, 0.00094040489, 0.0010427635;
 -0.00093916932, 0.99999899, -0.0011848725;
 -0.0010438759, 0.0011838919, 0.99999881]
ORB t: 
[0.0098148473;
 0.042652488;
 -1.1957016]
ransac compared:250 points: 29
Sparse scale: 1.5925
running average of 4 with scale of 1.30029org:1.5925
Good dense scale at 1.27304
frame: 16 gt: 1.19595 scale: 1.27304
======================
ORB R: 
[0.99999934, -0.0010791349, 0.00045403559;
 0.0010787626, 0.99999911, 0.00081826572;
 -0.00045491848, -0.00081777573, 0.99999958]
ORB t: 
[0.012435254;
 0.023348629;
 -1.1897602]
ransac compared:165 points: 33
Sparse scale: 1.14655
running average of 4 with scale of 1.20252org:1.14655
Good dense scale at 1.16698
frame: 17 gt: 1.19395 scale: 1.16698
======================
ORB R: 
[0.99999762, 0.00098229258, 0.001975182;
 -0.00098308478, 0.99999946, 0.00039971509;
 -0.0019747885, -0.00040165579, 0.99999797]
ORB t: 
[-0.016738325;
 0.019279718;
 -1.1824932]
ransac compared:123 points: 19
Sparse scale: 1.18351
running average of 4 with scale of 1.20362org:1.18351
Good dense scale at 1.18417
average scale over 4frame: 1.21138
frame: 18 gt: 1.19488 scale: 1.21138
======================
ORB R: 
[0.99999964, 0.00027155309, 0.00078182202;
 -0.00027070686, 0.9999994, -0.0010815861;
 -0.00078211399, 0.0010813742, 0.99999917]
ORB t: 
[0.0084930584;
 0.040228873;
 -1.1870098]
RANSAC retry: Reducing points from 14 to 12
ransac compared:26 points: 12
Sparse scale: 4.70583
Bad sparse output: (angle)168.863 (scale): 4.70583
frame: 19 gt: 1.19459 scale: -
============================
ORB R: 
[0.9999997, -5.1112518e-05, 0.00083440263;
 5.0357543e-05, 0.99999964, 0.00090456562;
 -0.00083444966, -0.00090452289, 0.99999923]
ORB t: 
[-0.00722792;
 8.8065863e-05;
 -1.2086048]
RANSAC retry: Reducing points from 17 to 10
ransac compared:37 points: 10
Sparse scale: 0.915374
running average of 4 with scale of 1.14855org:0.915374
Good dense scale at 1.15444
average scale over 4frame: 1.19466
frame: 20 gt: 1.19459 scale: 1.19466
======================
ORB R: 
[0.99999917, -0.00030643196, 0.0012298892;
 0.00030597911, 0.99999988, 0.00036833578;
 -0.0012300038, -0.00036795906, 0.99999911]
ORB t: 
[0.0044905543;
 0.024699092;
 -1.2121677]
ransac compared:8 points: 22
Sparse scale: 1.25153
running average of 5 with scale of 1.21971org:1.25153
Good dense scale at 1.20101
frame: 21 gt: 1.19436 scale: 1.20101
======================
ORB R: 
[0.99999958, -1.3126615e-05, 0.00078242645;
 1.3881249e-05, 0.99999952, -0.00096461928;
 -0.00078241341, 0.00096462987, 0.99999928]
ORB t: 
[0.0013291687;
 0.025746256;
 -1.1736679]
ransac compared:47 points: 21
Sparse scale: 1.11772
running average of 5 with scale of 1.14565org:1.11772
Good dense scale at 1.17447
average scale over 4frame: 1.17852
frame: 22 gt: 1.19671 scale: 1.17852
======================
ORB R: 
[0.99999821, 0.00071660517, 0.001722849;
 -0.00071367592, 0.99999821, -0.0017000844;
 -0.0017240644, 0.0016988514, 0.99999708]
ORB t: 
[-0.0078409165;
 0.01718539;
 -1.1803207]
ransac compared:15 points: 25
Sparse scale: 1.57423
Bad sparse output: (angle)170.355 (scale): 1.57423
frame: 23 gt: 1.19903 scale: -
============================
ORB R: 
[1, 0.00010312497, 0.00021293107;
 -0.00010319422, 0.99999988, 0.00032486534;
 -0.00021289662, -0.00032488746, 0.99999994]
ORB t: 
[0.0093558133;
 0.02082324;
 -1.2287922]
ransac compared:37 points: 26
Sparse scale: 4.07537
Bad sparse output: (angle)6.52857 (scale): 4.07537
frame: 24 gt: 1.19585 scale: -
============================
ORB R: 
[0.99999857, 0.0014113033, 0.00093012955;
 -0.0014119467, 0.99999875, 0.00069164543;
 -0.00092915166, -0.00069295813, 0.99999934]
ORB t: 
[0.0022885203;
 0.023825645;
 -1.21171]
ransac compared:9 points: 27
Sparse scale: 4.86449
Bad sparse output: (angle)172.445 (scale): 4.86449
frame: 25 gt: 1.19165 scale: -
============================
ORB R: 
[0.99999893, -0.00070521893, 0.0012876755;
 0.00070463284, 0.99999958, 0.000455153;
 -0.0012879968, -0.00045424531, 0.99999905]
ORB t: 
[-0.0063048601;
 0.033435643;
 -1.1988449]
ransac compared:10 points: 28
Sparse scale: 1.25577
running average of 3 with scale of 1.21447org:1.25577
Good dense scale at 1.24702
frame: 26 gt: 1.20013 scale: 1.24702
======================
ORB R: 
[0.99999928, 0.00034911657, 0.0011243718;
 -0.00034905699, 0.99999988, -5.3388765e-05;
 -0.0011243895, 5.2996154e-05, 0.9999994]
ORB t: 
[0.00058466196;
 0.01618582;
 -1.2230225]
ransac compared:44 points: 27
Sparse scale: 1.51334
running average of 3 with scale of 1.33607org:1.51334
Good dense scale at 1.29281
frame: 27 gt: 1.20454 scale: 1.29281
======================
ORB R: 
[0.99999952, 7.7783981e-05, 0.001010309;
 -7.6208926e-05, 0.99999881, -0.001559682;
 -0.0010104291, 0.0015596042, 0.99999827]
ORB t: 
[0.0010341704;
 0.045856297;
 -1.1795921]
ransac compared:90 points: 40
Sparse scale: 1.23974
running average of 3 with scale of 1.23755org:1.23974
Good dense scale at 1.21731
frame: 28 gt: 1.18887 scale: 1.21731
======================
ORB R: 
[0.99999964, 1.2606448e-05, 0.00084521156;
 -1.1949574e-05, 0.99999964, -0.00077839103;
 -0.00084522087, 0.00077838043, 0.99999934]
ORB t: 
[0.0052085221;
 0.029222131;
 -1.2186317]
ransac compared:94 points: 37
Sparse scale: 1.30219
running average of 4 with scale of 1.27869org:1.30219
Good dense scale at 1.23348
average scale over 4frame: 1.24766
frame: 29 gt: 1.19516 scale: 1.24766
======================
ORB R: 
[0.99999726, 0.0013365316, 0.0019039353;
 -0.0013380109, 0.99999875, 0.00077568262;
 -0.001902896, -0.00077822804, 0.99999785]
ORB t: 
[-0.034909099;
 0.0099351406;
 -1.2023659]
ransac compared:35 points: 28
Sparse scale: 1.44403
running average of 5 with scale of 1.2846org:1.44403
Good dense scale at 1.30419
frame: 30 gt: 1.19832 scale: 1.30419
======================
ORB R: 
[0.99999934, 0.00074560399, 0.00089560077;
 -0.00074490212, 0.9999994, -0.00078483974;
 -0.00089618377, 0.00078417244, 0.99999917]
ORB t: 
[0.0011523962;
 0.04360944;
 -1.1678505]
ransac compared:85 points: 29
Sparse scale: 1.41861
running average of 6 with scale of 1.25381org:1.41861
Good dense scale at 1.2683
average scale over 5frame: 1.26322
frame: 31 gt: 1.19734 scale: 1.26322
======================
ORB R: 
[0.99999988, 0.00020386094, 0.00030859746;
 -0.00020368827, 0.99999976, -0.00055897841;
 -0.00030871481, 0.00055891578, 0.9999997]
ORB t: 
[0.00023803115;
 0.017127395;
 -1.2435417]
ransac compared:2 points: 26
Sparse scale: 1.23713
running average of 6 with scale of 1.29838org:1.23713
Good dense scale at 1.31643
frame: 32 gt: 1.19822 scale: 1.31643
======================
ORB R: 
[1, 2.6803751e-05, 1.886487e-05;
 -2.6784557e-05, 0.9999994, -0.0010604716;
 -1.8898398e-05, 0.0010604705, 0.9999994]
ORB t: 
[0.0054824948;
 0.015109122;
 -1.1980438]
ransac compared:34 points: 21
Sparse scale: 1.34889
running average of 6 with scale of 1.27724org:1.34889
Good dense scale at 1.29002
average scale over 5frame: 1.28248
frame: 33 gt: 1.19921 scale: 1.28248
======================
ORB R: 
[0.99999976, -0.00061397039, -0.00017923303;
 0.00061371503, 0.99999881, -0.0014150052;
 0.00018010288, 0.0014148946, 0.99999893]
ORB t: 
[0.0063968003;
 0.042463303;
 -1.2247276]
ransac compared:193 points: 23
Sparse scale: 1.26959
running average of 6 with scale of 1.29726org:1.26959
Good dense scale at 1.33342
frame: 34 gt: 1.19757 scale: 1.33342
======================
ORB R: 
[0.99999964, -0.00056101667, -0.00042783376;
 0.0005613236, 0.9999997, 0.00071884831;
 0.0004274305, -0.00071908836, 0.99999958]
ORB t: 
[0.018699586;
 0.010589421;
 -1.2073021]
ransac compared:185 points: 33
Sparse scale: 1.32095
running average of 6 with scale of 1.30521org:1.32095
Good dense scale at 1.26208
average scale over 5frame: 1.29405
frame: 35 gt: 1.1969 scale: 1.29405
======================
ORB R: 
[0.99999893, -0.0014065537, 0.00046170596;
 0.001406476, 0.99999899, 0.00016679917;
 -0.00046194065, -0.00016614958, 0.99999976]
ORB t: 
[0.0043726265;
 0.021377146;
 -1.1995697]
ransac compared:7 points: 32
Sparse scale: 1.17099
running average of 6 with scale of 1.26557org:1.17099
Good dense scale at 1.29381
frame: 36 gt: 1.19781 scale: 1.29381
======================
ORB R: 
[0.99999541, -0.0029247452, -0.000883759;
 0.0029230169, 0.99999386, -0.0019510486;
 0.00088945869, 0.0019484567, 0.99999762]
ORB t: 
[0.0061599165;
 0.016594708;
 -1.2302742]
RANSAC retry: Reducing points from 43 to 40
ransac compared:17 points: 40
Sparse scale: 1.19719
running average of 6 with scale of 1.29596org:1.19719
Good dense scale at 1.26995
average scale over 5frame: 1.28986
frame: 37 gt: 1.20036 scale: 1.28986
======================
ORB R: 
[0.99999934, 0.00054122333, -0.0010807775;
 -0.00054487353, 0.99999422, -0.0033799871;
 0.0010789391, 0.0033805748, 0.99999362]
ORB t: 
[-0.0056153685;
 0.034250617;
 -1.2057381]
ransac compared:106 points: 35
Sparse scale: 1.48497
running average of 6 with scale of 1.31702org:1.48497
Good dense scale at 1.30893
frame: 38 gt: 1.20049 scale: 1.30893
======================
ORB R: 
[0.99999589, -0.00083984178, -0.0027782349;
 0.0008324816, 0.99999624, -0.0026493343;
 0.0027804486, 0.0026470097, 0.99999261]
ORB t: 
[0.024453901;
 0.015805006;
 -1.2398987]
ransac compared:124 points: 26
Sparse scale: 1.25846
running average of 6 with scale of 1.31112org:1.25846
Good dense scale at 1.26035
average scale over 5frame: 1.27902
frame: 39 gt: 1.20089 scale: 1.27902
======================
ORB R: 
[0.9999994, -0.0002975642, -0.0010717455;
 0.00029358506, 0.99999303, -0.0037110336;
 0.0010728436, 0.003710717, 0.99999255]
ORB t: 
[-0.003794441;
 0.037316322;
 -1.2011948]
ransac compared:56 points: 38
Sparse scale: 1.15457
running average of 6 with scale of 1.24537org:1.15457
Good dense scale at 1.21514
frame: 40 gt: 1.20566 scale: 1.21514
======================
ORB R: 
[0.99999845, -4.768504e-05, -0.0017014439;
 4.6534042e-05, 0.99999976, -0.0006765211;
 0.0017014747, 0.00067644566, 0.99999821]
ORB t: 
[0.0075279176;
 0.0044884682;
 -1.2453194]
ransac compared:77 points: 28
Sparse scale: 1.18885
running average of 6 with scale of 1.28209org:1.18885
Good dense scale at 1.26362
average scale over 5frame: 1.2636
frame: 41 gt: 1.20329 scale: 1.2636
======================
ORB R: 
[0.99999732, 0.0021874993, -0.00076564215;
 -0.0021869293, 0.99999738, 0.00074431952;
 0.00076726824, -0.00074264314, 0.99999934]
ORB t: 
[-0.0011544451;
 0.036414027;
 -1.1506233]
ransac compared:121 points: 24
Sparse scale: 1.41152
running average of 6 with scale of 1.225org:1.41152
Good dense scale at 1.17672
frame: 42 gt: 1.1991 scale: 1.17672
======================
ORB R: 
[0.99999869, -0.0012209304, -0.0010410002;
 0.0012227416, 0.99999768, 0.0017406885;
 0.0010388722, -0.0017419616, 0.99999791]
ORB t: 
[0.0032860935;
 0.019479036;
 -1.207859]
ransac compared:51 points: 23
Sparse scale: 1.18762
running average of 6 with scale of 1.23461org:1.18762
Good dense scale at 1.2048
average scale over 5frame: 1.22413
frame: 43 gt: 1.20129 scale: 1.22413
======================
ORB R: 
[1, 2.8409471e-05, -3.5488047e-06;
 -2.8407921e-05, 0.99999994, 0.00038479362;
 3.5590492e-06, -0.00038479455, 0.99999988]
ORB t: 
[-0.0094681084;
 0.024121523;
 -1.2273636]
ransac compared:38 points: 27
Sparse scale: 1.47643
running average of 6 with scale of 1.28158org:1.47643
Good dense scale at 1.26991
frame: 44 gt: 1.20148 scale: 1.26991
======================
ORB R: 
[1.0000001, 5.9978629e-06, 0.00012307893;
 -5.9899467e-06, 0.99999988, -6.5903179e-05;
 -0.00012308033, 6.5902248e-05, 0.99999988]
ORB t: 
[0.0025902539;
 0.025391817;
 -1.1985321]
RANSAC retry: Reducing points from 31 to 26
ransac compared:36 points: 26
Sparse scale: 7.53404
Bad sparse output: (angle)171.022 (scale): 7.53404
frame: 45 gt: 1.20561 scale: -
============================
ORB R: 
[0.99999911, 0.0012505248, 0.00055006566;
 -0.0012512073, 0.99999839, 0.001242633;
 -0.00054851221, -0.0012433203, 0.99999911]
ORB t: 
[0.013525657;
 0.017346621;
 -1.2278748]
ransac compared:99 points: 26
Sparse scale: 1.73836
running average of 5 with scale of 1.34645org:1.73836
Good dense scale at 1.29693
average scale over 4frame: 1.23709
frame: 46 gt: 1.20418 scale: 1.23709
======================
ORB R: 
[0.99999821, 0.00026215578, 0.001841655;
 -0.00026203832, 0.99999994, -6.4479187e-05;
 -0.0018416699, 6.3996762e-05, 0.99999833]
ORB t: 
[0.0067812284;
 0.011195183;
 -1.2067528]
RANSAC retry: Reducing points from 33 to 30
ransac compared:0 points: 30
Unsuccessful sparse estimation
frame: 47 gt: 1.20531 scale: -
============================
ORB R: 
[0.99999917, -0.00046310664, 0.0012762109;
 0.0004648139, 0.99999893, -0.0013379566;
 -0.0012755878, 0.001338549, 0.99999833]
ORB t: 
[0.0052965134;
 0.022615314;
 -1.2199669]
ransac compared:140 points: 30
Sparse scale: 1.25449
running average of 4 with scale of 1.25552org:1.25449
Good dense scale at 1.26421
frame: 48 gt: 1.20782 scale: 1.26421
======================
ORB R: 
[0.99999827, 0.00055788131, 0.0017598225;
 -0.00055633043, 0.9999994, -0.00088115595;
 -0.0017603105, 0.0008801762, 0.99999809]
ORB t: 
[-0.0056072623;
 0.034836769;
 -1.2056732]
ransac compared:136 points: 30
Sparse scale: 1.13157
running average of 4 with scale of 1.22535org:1.13157
Good dense scale at 1.22061
frame: 49 gt: 1.20517 scale: 1.22061
======================
ORB R: 
[0.99999857, -0.0013173312, 0.0010151919;
 0.0013169798, 0.99999905, 0.00034753419;
 -0.0010156492, -0.00034619588, 0.99999934]
ORB t: 
[0.0040274113;
 0.012562037;
 -1.2359276]
ransac compared:31 points: 37
Sparse scale: 1.29543
running average of 4 with scale of 1.28297org:1.29543
Good dense scale at 1.25304
average scale over 4frame: 1.2587
frame: 50 gt: 1.2063 scale: 1.2587
======================
ORB R: 
[0.99999863, 0.00015142263, 0.0016166242;
 -0.00015194083, 0.99999994, 0.00032051001;
 -0.0016165739, -0.00032075122, 0.99999851]
ORB t: 
[-0.0013574064;
 0.017272353;
 -1.2160301]
ransac compared:83 points: 31
Sparse scale: 1.35021
running average of 5 with scale of 1.27142org:1.35021
Good dense scale at 1.23876
frame: 51 gt: 1.20388 scale: 1.23876
======================
ORB R: 
[0.99999923, 0.0011740491, -0.00030180439;
 -0.0011740793, 0.99999928, -9.9213794e-05;
 0.00030168705, 9.9567696e-05, 0.99999988]
ORB t: 
[0.0060844123;
 0.036311507;
 -1.2224617]
ransac compared:5 points: 30
Sparse scale: 1.00117
running average of 5 with scale of 1.19815org:1.00117
Good dense scale at 1.16067
average scale over 5frame: 1.22746
frame: 52 gt: 1.20389 scale: 1.22746
======================
ORB R: 
[0.99999982, 0.00054604327, 0.00010820385;
 -0.00054618344, 0.99999899, 0.0013007056;
 -0.00010749139, -0.0013007652, 0.99999917]
ORB t: 
[0.018401742;
 0.010251999;
 -1.2225342]
ransac compared:129 points: 26
Sparse scale: 1.25042
running average of 6 with scale of 1.233org:1.25042
Good dense scale at 1.18579
frame: 53 gt: 1.20217 scale: 1.18579
======================
ORB R: 
[0.99999821, 0.0019002159, 0.00027297623;
 -0.0018996478, 0.99999607, -0.002065381;
 -0.0002768999, 0.0020648595, 0.99999791]
ORB t: 
[0.016145855;
 0.041913271;
 -1.1857452]
ransac compared:157 points: 23
Sparse scale: 1.23209
running average of 6 with scale of 1.18668org:1.23209
Good dense scale at 1.21975
average scale over 5frame: 1.2116
frame: 54 gt: 1.20042 scale: 1.2116
======================
ORB R: 
[0.99999988, 0.00026987132, 0.00046396069;
 -0.00026896858, 0.99999803, -0.0019467147;
 -0.00046448503, 0.001946589, 0.99999797]
ORB t: 
[0.011982054;
 0.03091383;
 -1.2036591]
ransac compared:55 points: 14
Sparse scale: 1.30803
running average of 6 with scale of 1.21698org:1.30803
Good dense scale at 1.23831
frame: 55 gt: 1.2032 scale: 1.23831
======================
ORB R: 
[1, -0.00011664502, 2.9914081e-06;
 0.0001166422, 0.99999923, 0.001173066;
 -3.1301752e-06, -0.0011730669, 0.99999923]
ORB t: 
[0.017009765;
 0.034355402;
 -1.2075195]
RANSAC retry: Reducing points from 18 to 15
ransac compared:68 points: 15
Sparse scale: 8.33301
Bad sparse output: (angle)169.537 (scale): 8.33301
frame: 56 gt: 1.19758 scale: -
============================
ORB R: 
[0.99999863, -0.0016129628, 0.00025416538;
 0.0016127446, 0.99999839, 0.000860353;
 -0.00025555491, -0.00085994229, 0.99999946]
ORB t: 
[-0.00042802095;
 0.028530598;
 -1.2074661]
ransac compared:132 points: 23
Sparse scale: 1.20981
running average of 5 with scale of 1.20193org:1.20981
Good dense scale at 1.21194
average scale over 4frame: 1.21395
frame: 57 gt: 1.19387 scale: 1.21395
======================
ORB R: 
[0.99999774, -0.0020407545, -0.00052150991;
 0.0020406325, 0.99999797, -0.00023261644;
 0.00052198488, 0.00023155287, 0.99999976]
ORB t: 
[0.02341415;
 0.011481404;
 -1.2056351]
RANSAC retry: Reducing points from 24 to 20
ransac compared:12 points: 20
Sparse scale: 1.11078
running average of 5 with scale of 1.19393org:1.11078
Good dense scale at 1.16519
frame: 58 gt: 1.19466 scale: 1.16519
======================
ORB R: 
[0.99999475, -0.002976815, 0.0012249118;
 0.0029758948, 0.99999529, 0.00075193122;
 -0.0012271395, -0.0007482823, 0.99999893]
ORB t: 
[-0.016294509;
 0.0039741993;
 -1.2569809]
RANSAC retry: Reducing points from 18 to 15
ransac compared:0 points: 15
Unsuccessful sparse estimation
frame: 59 gt: 1.19132 scale: -
============================
ORB R: 
[0.9999972, -0.0023402593, -9.4524585e-05;
 0.0023402562, 0.9999972, -2.4610199e-05;
 9.4583258e-05, 2.4389476e-05, 0.99999994]
ORB t: 
[0.0043362677;
 0.01586175;
 -1.2237473]
ransac compared:95 points: 27
Sparse scale: 1.2512
running average of 4 with scale of 1.22987org:1.2512
Good dense scale at 1.24769
frame: 60 gt: 1.19026 scale: 1.24769
======================
ORB R: 
[0.9999994, -0.0011014788, 7.4729323e-05;
 0.001101532, 0.99999905, -0.00071083382;
 -7.3944218e-05, 0.00071091298, 0.9999997]
ORB t: 
[-0.0085259676;
 0.019197464;
 -1.221405]
ransac compared:116 points: 28
Sparse scale: 1.3193
running average of 4 with scale of 1.24256org:1.3193
Good dense scale at 1.25165
average scale over 4frame: 1.21912
frame: 61 gt: 1.18657 scale: 1.21912
======================
ORB R: 
[0.99999607, -0.0013716766, -0.0024224445;
 0.0013697981, 0.99999875, -0.00077676773;
 0.0024235109, 0.00077344384, 0.99999678]
ORB t: 
[0.011275306;
 0.019790888;
 -1.2177658]
ransac compared:2 points: 26
Sparse scale: 1.26248
running average of 5 with scale of 1.23019org:1.26248
Good dense scale at 1.22502
frame: 62 gt: 1.18566 scale: 1.22502
======================
ORB R: 
[0.99999666, 0.00054743473, -0.0024761958;
 -0.00054187811, 0.99999732, 0.0022445265;
 0.0024774205, -0.002243178, 0.9999944]
ORB t: 
[0.014330015;
 0.026008844;
 -1.1826172]
ransac compared:84 points: 22
Sparse scale: 0.948296
running average of 5 with scale of 1.13934org:0.948296
Good dense scale at 1.14245
average scale over 4frame: 1.2167
frame: 63 gt: 1.17832 scale: 1.2167
======================
ORB R: 
[0.99998707, 0.0045613809, -0.0022039795;
 -0.0045537613, 0.99998367, 0.0034504887;
 0.0022196835, -0.003440409, 0.9999916]
ORB t: 
[0.00070026517;
 0.037931561;
 -1.1964874]
ransac compared:145 points: 24
Sparse scale: 0.913469
running average of 5 with scale of 1.14344org:0.913469
homography failed. Out of range: 370.040924
frame: 64 gt: 1.17542 scale: -
============================
ORB R: 
[0.9999966, -0.0017497143, -0.0019197636;
 0.0017505741, 0.99999833, 0.00044634566;
 0.0019189799, -0.0004497054, 0.99999803]
ORB t: 
[-0.0096841156;
 0.022089124;
 -1.213356]
RANSAC retry: Reducing points from 19 to 18
ransac compared:0 points: 18
Unsuccessful sparse estimation
frame: 65 gt: 1.17573 scale: -
============================
ORB R: 
[0.99999642, 0.0011304881, -0.002417183;
 -0.0011394946, 0.99999237, -0.0037280726;
 0.0024129506, 0.0037308126, 0.99999017]
ORB t: 
[-0.00061792135;
 0.024566293;
 -1.2004471]
RANSAC retry: Reducing points from 19 to 16
ransac compared:0 points: 16
Unsuccessful sparse estimation
frame: 66 gt: 1.17852 scale: -
============================
ORB R: 
[0.99999249, -0.00018935467, -0.0038622885;
 0.00018259324, 0.99999845, -0.001750933;
 0.0038626147, 0.0017502131, 0.99999106]
ORB t: 
[0.020320952;
 0.030337811;
 -1.1461258]
ransac compared:141 points: 21
Sparse scale: 1.09343
running average of 3 with scale of 1.11776org:1.09343
Good dense scale at 1.10964
frame: 67 gt: 1.174 scale: 1.10964
======================
ORB R: 
[0.99999428, 0.0010598191, -0.0032362142;
 -0.0010555042, 0.99999857, 0.0013348088;
 0.0032376244, -0.0013313843, 0.99999392]
ORB t: 
[0.0062949657;
 0.029389381;
 -1.2161331]
ransac compared:105 points: 20
Sparse scale: 1.27108
running average of 3 with scale of 1.20742org:1.27108
Good dense scale at 1.21065
frame: 68 gt: 1.16624 scale: 1.21065
======================
ORB R: 
[0.99999183, 0.0011072581, -0.0038916967;
 -0.0010943552, 0.99999392, 0.0033160225;
 0.0038953465, -0.003311736, 0.99998689]
ORB t: 
[0.026070476;
 0.021446586;
 -1.1777573]
RANSAC retry: Reducing points from 27 to 18
ransac compared:7 points: 18
Sparse scale: 2.31276
Bad sparse output: (angle)152.244 (scale): 2.31276
frame: 69 gt: 1.16478 scale: -
============================
ORB R: 
[0.99999499, 0.00078088394, -0.0030596657;
 -0.00076883554, 0.99999195, 0.0039369799;
 0.0030627185, -0.0039346064, 0.99998748]
ORB t: 
[-0.037857056;
 -0.0034196377;
 -1.1190033]
ransac compared:11 points: 22
Sparse scale: 1.02866
running average of 3 with scale of 1.07308org:1.02866
Good dense scale at 1.08944
frame: 70 gt: 1.15919 scale: 1.08944
======================
ORB R: 
[0.99999601, 0.0018233869, -0.0021615466;
 -0.0018236843, 0.99999827, -0.00013557123;
 0.0021612961, 0.00013951212, 0.99999768]
ORB t: 
[0.0040365458;
 0.040084481;
 -1.2258301]
RANSAC retry: Reducing points from 26 to 25
ransac compared:0 points: 25
Unsuccessful sparse estimation
frame: 71 gt: 1.15981 scale: -
============================
ORB R: 
[0.99999398, -0.00048536199, -0.003412202;
 0.00048316841, 0.99999964, -0.00064369757;
 0.0034125131, 0.0006420447, 0.99999404]
ORB t: 
[-0.0056059361;
 0.0022547245;
 -1.1651154]
ransac compared:23 points: 32
Sparse scale: 1.20789
running average of 4 with scale of 1.15631org:1.20789
Good dense scale at 1.22164
frame: 72 gt: 1.15989 scale: 1.22164
======================
ORB R: 
[0.99999255, -0.0013277744, -0.0036339313;
 0.0013249376, 0.99999881, -0.00078287581;
 0.0036349669, 0.00077805528, 0.99999309]
ORB t: 
[0.0087103844;
 0.029327631;
 -1.1801071]
RANSAC retry: Reducing points from 33 to 30
ransac compared:10 points: 30
Sparse scale: 1.15709
running average of 4 with scale of 1.17915org:1.15709
Good dense scale at 1.20216
frame: 73 gt: 1.15461 scale: 1.20216
======================
ORB R: 
[0.99999398, 0.00025694884, -0.0034661163;
 -0.00024795954, 0.99999648, 0.0025936635;
 0.0034667738, -0.0025927883, 0.99999058]
ORB t: 
[0.00020074844;
 0.014769793;
 -1.1682281]
ransac compared:27 points: 32
Sparse scale: 1.21983
running average of 4 with scale of 1.19273org:1.21983
Good dense scale at 1.21353
average scale over 4frame: 1.18169
frame: 74 gt: 1.15326 scale: 1.18169
======================
ORB R: 
[0.99999267, 0.00016552395, -0.0038155895;
 -0.00016011727, 0.99999887, 0.0014172096;
 0.0038158242, -0.0014165883, 0.99999171]
ORB t: 
[0.02726078;
 0.036788821;
 -1.1389389]
ransac compared:131 points: 37
Sparse scale: 1.45393
running average of 5 with scale of 1.22025org:1.45393
Good dense scale at 1.19902
frame: 75 gt: 1.15021 scale: 1.19902
======================
ORB R: 
[0.99999607, 0.00042205444, -0.002747817;
 -0.00042013772, 0.99999958, 0.00069807528;
 0.0027481131, -0.00069691805, 0.99999595]
ORB t: 
[0.011425972;
 0.011925459;
 -1.2033539]
ransac compared:167 points: 38
Sparse scale: 1.31675
running average of 5 with scale of 1.26392org:1.31675
Good dense scale at 1.21798
average scale over 5frame: 1.21087
frame: 76 gt: 1.15089 scale: 1.21087
======================
ORB R: 
[0.99999636, 0.00054887676, -0.0026109032;
 -0.00055511907, 0.99999696, -0.0023906752;
 0.0026095845, 0.0023921165, 0.99999368]
ORB t: 
[-0.0072004795;
 0.043342233;
 -1.1637955]
ransac compared:176 points: 36
Sparse scale: 1.07754
running average of 6 with scale of 1.18288org:1.07754
Good dense scale at 1.16454
frame: 77 gt: 1.15408 scale: 1.16454
======================
ORB R: 
[0.9999969, 0.00033187249, -0.0024565421;
 -0.00033469114, 0.99999928, -0.0011470015;
 0.0024561435, 0.0011478197, 0.99999648]
ORB t: 
[0.0031147003;
 0.012839675;
 -1.1839066]
ransac compared:154 points: 18
Sparse scale: 1.37722
running average of 6 with scale of 1.2397org:1.37722
Good dense scale at 1.19437
average scale over 5frame: 1.19789
frame: 78 gt: 1.1558 scale: 1.19789
======================
ORB R: 
[0.99999714, 0.0010834918, -0.0021287873;
 -0.0010876078, 0.99999756, -0.0019333053;
 0.0021266714, 0.0019356146, 0.99999589]
ORB t: 
[-0.0056743622;
 0.023383021;
 -1.1279678]
ransac compared:42 points: 23
Sparse scale: 1.1992
running average of 6 with scale of 1.16094org:1.1992
Good dense scale at 1.14863
frame: 79 gt: 1.157 scale: 1.14863
======================
ORB R: 
[0.99999624, 0.0019468742, -0.0019211285;
 -0.0019488515, 0.99999762, -0.0010279068;
 0.001919128, 0.0010316467, 0.99999756]
ORB t: 
[0.0025134087;
 0.024839759;
 -1.1553802]
ransac compared:49 points: 23
Sparse scale: 1.05137
running average of 6 with scale of 1.15567org:1.05137
Good dense scale at 1.18751
average scale over 5frame: 1.18261
frame: 80 gt: 1.15683 scale: 1.18261
======================
ORB R: 
[0.99999702, 0.0011982974, -0.0020853616;
 -0.0011937751, 0.99999696, 0.002168068;
 0.0020879507, -0.0021655727, 0.99999547]
ORB t: 
[-0.0058040619;
 0.019490361;
 -1.1631088]
ransac compared:98 points: 25
Sparse scale: 1.12459
running average of 6 with scale of 1.16956org:1.12459
Good dense scale at 1.17393
frame: 81 gt: 1.15419 scale: 1.17393
======================
ORB R: 
[0.99999398, 0.0031199541, -0.001487691;
 -0.0031151029, 0.99998975, 0.0032528141;
 0.0014978163, -0.0032481602, 0.99999362]
ORB t: 
[0.0064034462;
 0.042586088;
 -1.1453171]
ransac compared:1 points: 35
Sparse scale: 1.1945
running average of 6 with scale of 1.16627org:1.1945
Good dense scale at 1.17403
average scale over 5frame: 1.17569
frame: 82 gt: 1.15944 scale: 1.17569
======================
ORB R: 
[0.99999636, -0.0017050526, -0.0020499751;
 0.0017106632, 0.99999475, 0.0027389878;
 0.0020452961, -0.0027424851, 0.9999941]
ORB t: 
[0.0038771629;
 0.0048043132;
 -1.1768188]
ransac compared:7 points: 31
Sparse scale: 1.16482
running average of 6 with scale of 1.19203org:1.16482
Good dense scale at 1.1955
frame: 83 gt: 1.16074 scale: 1.1955
======================
ORB R: 
[0.99999738, 0.0016496518, -0.0016225912;
 -0.0016489327, 0.99999857, 0.00044447603;
 0.0016233139, -0.00044179824, 0.99999863]
ORB t: 
[0.031956673;
 0.043059766;
 -1.1510849]
ransac compared:78 points: 28
Sparse scale: 1.08562
running average of 6 with scale of 1.15886org:1.08562
Good dense scale at 1.19925
average scale over 5frame: 1.18605
frame: 84 gt: 1.16932 scale: 1.18605
======================
ORB R: 
[0.99999982, -0.0005261664, 0.00023408979;
 0.00052624673, 0.99999976, -0.00034379144;
 -0.00023390353, 0.00034391554, 0.99999994]
ORB t: 
[0.0061368942;
 0.0092300177;
 -1.17202]
ransac compared:57 points: 31
Sparse scale: 1.19563
running average of 6 with scale of 1.19893org:1.19563
Good dense scale at 1.2228
frame: 85 gt: 1.17629 scale: 1.2228
======================
ORB R: 
[0.99999911, -0.00060327316, 0.0012162142;
 0.00060557161, 0.99999797, -0.0018913599;
 -0.001215063, 0.0018920952, 0.9999975]
ORB t: 
[-0.013771534;
 0.022498131;
 -1.2485504]
ransac compared:100 points: 24
Sparse scale: 1.17132
running average of 6 with scale of 1.26346org:1.17132
Good dense scale at 1.30235
average scale over 5frame: 1.21879
frame: 86 gt: 1.18241 scale: 1.21879
======================
ORB R: 
[0.99999881, 0.00070319133, 0.0013760626;
 -0.00070143974, 0.99999887, -0.0012726549;
 -0.0013769493, 0.0012716879, 0.99999815]
ORB t: 
[0.023429394;
 0.020518899;
 -1.1648483]
ransac compared:21 points: 31
Sparse scale: 1.14625
running average of 6 with scale of 1.1944org:1.14625
Good dense scale at 1.21119
frame: 87 gt: 1.18589 scale: 1.21119
======================
ORB R: 
[0.99999708, -0.00074824173, 0.002287209;
 0.000751424, 0.99999863, -0.0013908766;
 -0.002286166, 0.0013925914, 0.99999642]
ORB t: 
[0.0065917969;
 0.0283705;
 -1.225708]
ransac compared:145 points: 33
Sparse scale: 1.15416
running average of 6 with scale of 1.25126org:1.15416
Good dense scale at 1.22683
average scale over 5frame: 1.23248
frame: 88 gt: 1.19294 scale: 1.23248
======================
ORB R: 
[0.99999833, 6.0746403e-05, 0.0017782003;
 -6.017898e-05, 0.99999988, -0.00031942269;
 -0.0017782189, 0.00031931553, 0.99999833]
ORB t: 
[0.054988384;
 0.019637227;
 -1.164566]
ransac compared:143 points: 29
Sparse scale: 1.294
running average of 6 with scale of 1.2183org:1.294
Good dense scale at 1.2026
frame: 89 gt: 1.1994 scale: 1.2026
======================
ORB R: 
[0.99999422, -0.00054509751, 0.0033578686;
 0.00054513721, 0.99999982, -1.1092692e-05;
 -0.0033578575, 1.2922974e-05, 0.99999434]
ORB t: 
[-0.0037255287;
 0.01578474;
 -1.1835327]
ransac compared:136 points: 29
Sparse scale: 1.20154
running average of 6 with scale of 1.21729org:1.20154
Good dense scale at 1.20789
average scale over 5frame: 1.23017
frame: 90 gt: 1.20066 scale: 1.23017
======================
ORB R: 
[0.99998993, -0.0013244703, 0.0042755455;
 0.0013233752, 0.99999905, 0.00025890482;
 -0.0042758845, -0.00025324404, 0.99999082]
ORB t: 
[0.01172471;
 0.029029965;
 -1.2370529]
ransac compared:161 points: 40
Sparse scale: 1.25387
running average of 6 with scale of 1.26786org:1.25387
Good dense scale at 1.24822
frame: 91 gt: 1.2058 scale: 1.24822
======================
ORB R: 
[0.99998945, 0.00065475359, 0.0045291968;
 -0.00065049552, 0.99999934, -0.00094151939;
 -0.004529817, 0.00093856337, 0.99998927]
ORB t: 
[-0.0073111057;
 0.030236006;
 -1.1994171]
ransac compared:204 points: 39
Sparse scale: 1.26612
running average of 6 with scale of 1.23086org:1.26612
Good dense scale at 1.20864
average scale over 5frame: 1.21884
frame: 92 gt: 1.20772 scale: 1.21884
======================
ORB R: 
[0.99998593, -0.0017186152, 0.0050197113;
 0.001723679, 0.99999803, -0.0010047219;
 -0.0050179716, 0.00101336, 0.99998689]
ORB t: 
[-0.0092053413;
 0.034045458;
 -1.2632523]
ransac compared:180 points: 40
Sparse scale: 1.20532
running average of 6 with scale of 1.26831org:1.20532
Good dense scale at 1.29992
frame: 93 gt: 1.2139 scale: 1.29992
======================
ORB R: 
[0.99999446, 0.00014276001, 0.0033185259;
 -0.00014036181, 0.99999994, -0.00072285463;
 -0.0033186283, 0.00072238478, 0.99999422]
ORB t: 
[0.05058217;
 0.0057764053;
 -1.1507568]
ransac compared:181 points: 37
Sparse scale: 1.26164
running average of 6 with scale of 1.1882org:1.26164
Good dense scale at 1.1297
average scale over 5frame: 1.21887
frame: 94 gt: 1.21642 scale: 1.21887
======================
ORB R: 
[0.99998397, -0.00059477432, 0.0056102183;
 0.00059789669, 0.9999997, -0.00055490062;
 -0.0056098904, 0.00055824546, 0.99998409]
ORB t: 
[-0.012399316;
 0.035020709;
 -1.2565689]
ransac compared:77 points: 35
Sparse scale: 1.21521
running average of 6 with scale of 1.25966org:1.21521
Good dense scale at 1.28345
frame: 95 gt: 1.21699 scale: 1.28345
======================
ORB R: 
[0.99998945, -0.00051668915, 0.0045589106;
 0.00051747559, 0.99999976, -0.00017138151;
 -0.0045588259, 0.00017373776, 0.99998957]
ORB t: 
[0.019847035;
 0.017302752;
 -1.2113647]
ransac compared:112 points: 30
Sparse scale: 1.2919
running average of 6 with scale of 1.23432org:1.2919
Good dense scale at 1.19597
average scale over 5frame: 1.22354
frame: 96 gt: 1.21924 scale: 1.22354
======================
ORB R: 
[0.99998486, -0.00076528406, 0.005454124;
 0.00076588418, 0.9999997, -0.000107917;
 -0.005454042, 0.00011209259, 0.9999851]
ORB t: 
[0.011639893;
 0.031209946;
 -1.2497177]
ransac compared:91 points: 21
Sparse scale: 1.21822
running average of 6 with scale of 1.24991org:1.21822
Good dense scale at 1.25691
frame: 97 gt: 1.22067 scale: 1.25691
======================
ORB R: 
[0.9999907, -0.00029964521, 0.0043095956;
 0.00029655118, 0.99999964, 0.00071851234;
 -0.0043098084, -0.00071722781, 0.9999904]
ORB t: 
[0.045493096;
 0.011812806;
 -1.200943]
ransac compared:178 points: 18
Sparse scale: 1.20692
running average of 6 with scale of 1.20627org:1.20692
Good dense scale at 1.1875
average scale over 5frame: 1.21071
frame: 98 gt: 1.22357 scale: 1.21071
======================
ORB R: 
[0.99998719, -0.00062876253, 0.0050258767;
 0.00062837772, 0.99999976, 7.8134006e-05;
 -0.0050259233, -7.4975425e-05, 0.9999873]
ORB t: 
[0.021286622;
 0.041386008;
 -1.2429657]
ransac compared:154 points: 23
Sparse scale: 1.20733
running average of 6 with scale of 1.2339org:1.20733
Good dense scale at 1.27532
frame: 99 gt: 1.22599 scale: 1.27532
======================
ORB R: 
[0.99998945, -0.0026170437, 0.0037695791;
 0.0026154618, 0.99999648, 0.00042447797;
 -0.0037706764, -0.00041461433, 0.99999273]
ORB t: 
[-0.0010413527;
 0.0047976971;
 -1.2119522]
ransac compared:138 points: 28
Sparse scale: 1.35183
running average of 6 with scale of 1.24057org:1.35183
Good dense scale at 1.17654
average scale over 5frame: 1.21845
frame: 100 gt: 1.22869 scale: 1.21845
======================
ORB R: 
[0.99999702, -0.0012813269, 0.0020343584;
 0.0012809666, 0.99999923, 0.00017793127;
 -0.0020345834, -0.00017532485, 0.99999791]
ORB t: 
[0.028809667;
 0.0086655617;
 -1.2531433]
RANSAC retry: Reducing points from 21 to 18
ransac compared:50 points: 18
Sparse scale: 1.53792
running average of 6 with scale of 1.29575org:1.53792
Good dense scale at 1.29638
